# E_PKA(eV) n_PKA0_Target0 n_PKA0_Target1 n_PKA0_Target2 n_PKA1_Target0 n_PKA1_Target1 n_PKA1_Target2 n_PKA2_Target0 n_PKA2_Target1 n_PKA2_Target2 
3.999e+01 0.000e+00 0.000e+00 0.000e+00 0.000e+00 0.000e+00 0.000e+00 0.000e+00 0.000e+00 0.000e+00
4.000e+01 1.000e+00 0.000e+00 0.000e+00 0.000e+00 1.000e+00 0.000e+00 0.000e+00 0.000e+00 1.000e+00
5.057e+01 1.000e+00 6.691e-03 1.500e-03 2.354e-02 1.000e+00 1.812e-03 1.128e-02 3.874e-03 1.000e+00
6.394e+01 1.000e+00 2.490e-02 7.346e-03 8.684e-02 1.000e+00 8.115e-03 5.539e-02 1.753e-02 1.000e+00
8.084e+01 1.000e+00 5.138e-02 1.788e-02 1.766e-01 1.000e+00 1.888e-02 1.345e-01 4.114e-02 1.000e+00
1.022e+02 1.042e+00 8.802e-02 3.269e-02 2.972e-01 1.000e+00 3.397e-02 2.431e-01 7.433e-02 1.000e+00
1.292e+02 1.165e+00 1.361e-01 5.285e-02 4.519e-01 1.000e+00 5.436e-02 3.871e-01 1.191e-01 1.000e+00
1.634e+02 1.348e+00 1.981e-01 7.926e-02 6.502e-01 1.023e+00 8.100e-02 5.729e-01 1.774e-01 1.002e+00
2.065e+02 1.591e+00 2.770e-01 1.133e-01 9.025e-01 1.087e+00 1.153e-01 8.114e-01 2.523e-01 1.023e+00
2.611e+02 1.906e+00 3.771e-01 1.569e-01 1.222e+00 1.177e+00 1.590e-01 1.115e+00 3.476e-01 1.069e+00
3.301e+02 2.308e+00 5.036e-01 2.122e-01 1.626e+00 1.298e+00 2.145e-01 1.501e+00 4.686e-01 1.128e+00
4.174e+02 2.817e+00 6.633e-01 2.823e-01 2.136e+00 1.453e+00 2.848e-01 1.988e+00 6.214e-01 1.201e+00
5.277e+02 3.458e+00 8.643e-01 3.708e-01 2.777e+00 1.651e+00 3.734e-01 2.602e+00 8.141e-01 1.289e+00
6.672e+02 4.264e+00 1.117e+00 4.824e-01 3.582e+00 1.902e+00 4.849e-01 3.375e+00 1.056e+00 1.399e+00
8.435e+02 5.278e+00 1.434e+00 6.226e-01 4.594e+00 2.217e+00 6.251e-01 4.344e+00 1.360e+00 1.537e+00
1.066e+03 6.549e+00 1.832e+00 7.987e-01 5.862e+00 2.612e+00 8.010e-01 5.560e+00 1.741e+00 1.708e+00
1.348e+03 8.143e+00 2.331e+00 1.020e+00 7.451e+00 3.109e+00 1.022e+00 7.081e+00 2.218e+00 1.922e+00
1.705e+03 1.014e+01 2.956e+00 1.296e+00 9.441e+00 3.731e+00 1.298e+00 8.982e+00 2.813e+00 2.189e+00
2.155e+03 1.264e+01 3.738e+00 1.643e+00 1.193e+01 4.510e+00 1.643e+00 1.136e+01 3.557e+00 2.522e+00
2.725e+03 1.577e+01 4.716e+00 2.076e+00 1.505e+01 5.485e+00 2.076e+00 1.432e+01 4.484e+00 2.936e+00
3.445e+03 1.967e+01 5.939e+00 2.618e+00 1.894e+01 6.702e+00 2.616e+00 1.801e+01 5.638e+00 3.451e+00
4.355e+03 2.455e+01 7.465e+00 3.295e+00 2.380e+01 8.223e+00 3.290e+00 2.259e+01 7.074e+00 4.090e+00
5.506e+03 3.064e+01 9.371e+00 4.139e+00 2.986e+01 1.012e+01 4.131e+00 2.828e+01 8.855e+00 4.881e+00
6.962e+03 3.824e+01 1.175e+01 5.192e+00 3.742e+01 1.248e+01 5.179e+00 3.534e+01 1.106e+01 5.861e+00
8.802e+03 4.770e+01 1.471e+01 6.504e+00 4.683e+01 1.543e+01 6.484e+00 4.406e+01 1.379e+01 7.072e+00
1.113e+04 5.947e+01 1.839e+01 8.136e+00 5.853e+01 1.909e+01 8.107e+00 5.481e+01 1.715e+01 8.562e+00
1.407e+04 7.411e+01 2.297e+01 1.016e+01 7.307e+01 2.364e+01 1.012e+01 6.802e+01 2.129e+01 1.039e+01
1.779e+04 9.227e+01 2.865e+01 1.268e+01 9.110e+01 2.928e+01 1.262e+01 8.418e+01 2.634e+01 1.263e+01
2.249e+04 1.148e+02 3.569e+01 1.579e+01 1.134e+02 3.626e+01 1.571e+01 1.039e+02 3.250e+01 1.535e+01
2.843e+04 1.426e+02 4.439e+01 1.965e+01 1.410e+02 4.488e+01 1.952e+01 1.277e+02 3.995e+01 1.864e+01
3.595e+04 1.769e+02 5.511e+01 2.439e+01 1.749e+02 5.548e+01 2.422e+01 1.564e+02 4.892e+01 2.260e+01
4.545e+04 2.190e+02 6.830e+01 3.023e+01 2.165e+02 6.850e+01 2.998e+01 1.906e+02 5.961e+01 2.733e+01
5.746e+04 2.706e+02 8.445e+01 3.737e+01 2.674e+02 8.442e+01 3.702e+01 2.310e+02 7.225e+01 3.290e+01
7.264e+04 3.336e+02 1.041e+02 4.608e+01 3.292e+02 1.038e+02 4.557e+01 2.783e+02 8.703e+01 3.942e+01
9.184e+04 4.100e+02 1.280e+02 5.665e+01 4.041e+02 1.272e+02 5.592e+01 3.328e+02 1.041e+02 4.694e+01
1.161e+05 5.021e+02 1.568e+02 6.938e+01 4.939e+02 1.553e+02 6.834e+01 3.950e+02 1.235e+02 5.549e+01
1.468e+05 6.123e+02 1.913e+02 8.462e+01 6.010e+02 1.888e+02 8.314e+01 4.647e+02 1.453e+02 6.508e+01
1.856e+05 7.431e+02 2.322e+02 1.027e+02 7.272e+02 2.282e+02 1.006e+02 5.416e+02 1.693e+02 7.565e+01
2.347e+05 8.966e+02 2.802e+02 1.239e+02 8.746e+02 2.743e+02 1.209e+02 6.250e+02 1.954e+02 8.711e+01
2.967e+05 1.075e+03 3.359e+02 1.485e+02 1.044e+03 3.274e+02 1.444e+02 7.139e+02 2.232e+02 9.930e+01
3.751e+05 1.279e+03 3.997e+02 1.766e+02 1.237e+03 3.876e+02 1.709e+02 8.070e+02 2.523e+02 1.121e+02
4.742e+05 1.509e+03 4.716e+02 2.084e+02 1.452e+03 4.550e+02 2.007e+02 9.029e+02 2.822e+02 1.252e+02
5.995e+05 1.764e+03 5.515e+02 2.436e+02 1.689e+03 5.291e+02 2.333e+02 1.000e+03 3.125e+02 1.385e+02
7.580e+05 2.043e+03 6.386e+02 2.820e+02 1.945e+03 6.091e+02 2.686e+02 1.097e+03 3.428e+02 1.517e+02
9.583e+05 2.342e+03 7.320e+02 3.232e+02 2.217e+03 6.940e+02 3.060e+02 1.193e+03 3.726e+02 1.647e+02
1.212e+06 2.656e+03 8.304e+02 3.665e+02 2.500e+03 7.825e+02 3.449e+02 1.285e+03 4.016e+02 1.773e+02
1.532e+06 2.982e+03 9.321e+02 4.113e+02 2.790e+03 8.732e+02 3.848e+02 1.375e+03 4.295e+02 1.895e+02
1.937e+06 3.313e+03 1.036e+03 4.569e+02 3.083e+03 9.646e+02 4.250e+02 1.460e+03 4.561e+02 2.010e+02
2.449e+06 3.645e+03 1.139e+03 5.024e+02 3.373e+03 1.055e+03 4.649e+02 1.541e+03 4.813e+02 2.120e+02
3.096e+06 3.973e+03 1.242e+03 5.474e+02 3.658e+03 1.144e+03 5.039e+02 1.617e+03 5.049e+02 2.222e+02
3.914e+06 4.293e+03 1.342e+03 5.913e+02 3.935e+03 1.231e+03 5.417e+02 1.688e+03 5.270e+02 2.317e+02
4.948e+06 4.602e+03 1.438e+03 6.335e+02 4.200e+03 1.313e+03 5.779e+02 1.754e+03 5.475e+02 2.406e+02
6.256e+06 4.898e+03 1.530e+03 6.738e+02 4.453e+03 1.392e+03 6.123e+02 1.815e+03 5.666e+02 2.487e+02
7.910e+06 5.179e+03 1.618e+03 7.120e+02 4.694e+03 1.466e+03 6.448e+02 1.871e+03 5.841e+02 2.562e+02
1.000e+07 5.445e+03 1.700e+03 7.480e+02 4.922e+03 1.536e+03 6.751e+02 1.923e+03 6.002e+02 2.631e+02
